2488.274
2501.338
2491.942
2530.804
2528.248
2454.22
2510.965
2496.336
2489.887
2494.352
2508.255
2526.619
2539.095
2503.15
2534.3
2512.223
2510.145
2493.01
2513.24
2497.115
2502.098
2517.955
2513.812
2501.111
2493.824
2507.598
2496.911
2502.421
2499.735
2468.861
2473.086
2481.62
2483.343
2514.308
2502.751
2496.053
2515.657
2514.709
2491.184
2483.898
2514.899
2517.708
2521.29
2460.814
2514.229
2492.897
2506.259
2534.904
2507.886
2493.146
2488.687
2494.646
2491.81
2515.527
2466.99
2508.969
2482.883
2506.635
2521.763
2504.072
2489.35
2511.809
2508.505
2514.579
2559.601
2507.241
2504.224
2497.906
2515.921
2485.098
2499.813
2509.077
2483.335
2512.521
2498.458
2483.961
2473.689
2495.437
2505.399
2502.515
2509.666
2495.398
2518.952
2515.059
2534.312
2491.148
2544.459
2504.128
2505.087
2503.67
2507.261
2492.257
2460.647
2494.657
2483.308
2510.553
2503.249
2521.151
2487.003
2493.39
2487.97
2488.92
2496.107
2492.164
2539.523
2512.884
2476.738
2491.63
2512.354
2505.589
2481.406
2510.886
2517.005
2514.15
2473.662
2493.683
2510.932
2483.717
2530.723
2504.777
2545.862
2455.219
2515.771
2505.061
2511.436
2494.387
2492.384
2505.576
2477.681
2542.487
2513.425
2463.508
2514.316
2531.279
2491.173
2460.246
2493.054
2536.479
2513.997
2476.007
2493.664
2504.076
2556.616
2498.964
2491.144
2509.794
2520.755
2479.376
2511.026
2443.677
2509.316
2504.104
2514.504
2520.294
2530.651
2532.75
2491.008
2501.453
2481.914
2529.71
2519.299
2514.24
2485.457
2511.656
2505.743
2509.382
2514.956
2527.314
2495.577
2493.392
2474.776
2517.52
2450.173
2531.28
2494.503
2522.265
2491.671
2488.095
2536.879
2499.652
2507.883
2500.036
2526.421
2493.816
2532.631
2510.006
2541.762
2498.072
2528.894
2511.466
2506.69
2518.418
2521.142
2473.586
2523.793
2492.302
2501.776
2493.498
2535.259
2506.965
2496.551
2505.748
2543.693
2505.763
2571.866
2522.005
2535.76
2507.99
2491.405
2513.812
2512.149
2500.208
2529.957
2550.636
2512.507
2512.924
2500.838
2522.954
2507.857
2488.175
2510.691
2494.271
2521.69
2487.763
2522.006
2533.964
2470.52
2522.53
2489.376
2498.309
2478.384
2518.958
2487.425
2512.845
2517.08
2505.349
2486.864
2506.18
2530.891
2489.108
2520.656
2514.511
2519.71
2514.435
2501.11
2507.664
2505.925
2517.423
2498.794
2497.412
2484.288
2510.465
2539.076
2515.649
2497.886
2505.944
2491.926
2509.521
2494.332
2503.455
2507.4
2518.023
2503.308
2532.624
2518.896
2518.753
2504.858
2510.595
2520.33
2521.871
2485.379
2491.817
2509.147
2497.973
2539.598
2501.699
2521.33
2498.286
2495.403
2505.854
2496.679
2527.036
2524.047
2526.791
2529.5
2522.839
2523.164
2514.783
2517.498
2542.664
2531.697
2522.408
2530.262
2490.962
2509.594
2510.314
2511.983
2516.904
2500.019
2509.815
2518.527
2551.411
2492.791
2504.258
2521.153
2515.849
2511.38
2515.862
2542.453
2516.529
2527.028
2509.004
2522.719
2528.413
2511.247
2483.454
2546.444
2522.375
2495.278
2475.628
2540.15
2523.338
2491.149
2514.653
2500.201
2509.458
2538.398
2490.181
2535.149
2550.842
2511.498
2492.546
2477.49
2466.838
2535.939
2505.083
2470.348
2481.869
2475.755
2517.58
2540.513
2528.91
2527.095
2476.833
2513.906
2545.622
2500.291
2481.686
2523.486
2534.211
2510.029
2458.101
2531.454
2533.317
2464.308
2532.517
2492.918
2504.788
2485.823
2511.275
2521.764
2533.186
2496.639
2515.416
2516.007
2493.483
2509.642
2522.11
2501.317
2497.007
2537.896
2485.125
2514.283
2527.194
2495.769
2502.82
2504.695
2527.817
2497.086
2527.986
2486.87
2509.816
2544.537
2509.728
2529.931
2504.018
2539.931
2530.706
2514.389
2499.039
2497.658
2534.961
2514.867
2485.685
2520.269
2511.344
2538.083
2515.452
2513.902
2503.067
2530.968
2522.155
2508.557
2526.92
2511.248
2531.985
2514.106
2486.241
2534.25
2535.006
2524.557
2487.5
2512.201
2503.332
2524.584
2511.403
2529.03
2507.551
2522.392
2527.823
2533.894
2503.727
2510.897
2532.586
2460.325
2572.728
2535.461
2517.43
2531.936
2530.844
2546.833
2519.696
2471.139
2519.939
2522.897
2504.824
2516.557
2555.908
2546.427
2474.766
2500.422
2505.436
2494.951
2493.287
2523.182
2527.568
2508.582
2526.514
2518.535
2547.456
2496.121
2549.803
2518.528
2534.26
2543.409
2525.249
2524.021
2524.002
2521.864
2560.811
2536.902
2517.496
2548.987
2515.235
2537.228
2522.356
2505.279
2507.86
2505.541
2517.153
2549.607
2518.225
2545.528
2503.19
2501.675
2530.769
2487.884
2516.126
2546.905
2522.508
2520.159
2533.377
2507.4
2520.387
2498.88
2502.272
2518.105
2560.917
2520.369
2519.492
2503.147
2500.491
2550.031
2542.132
2491.307
2496.321
2524.647
2516.38
2504.467
2542.511
2540.077
2532.289
2521.262
2501.224
2531.7
2488.265
2505.332
2508.05
2486.269
2542.814
2552.154
2548.452
2550.199
2552.56
2513.913
2463.065
2541.387
2527.981
2493.721
2532.048
2549.68
2488.703
2511.335
2534.584
2537.575
2530.934
2531.863
2475.064
2530.445
2536.955
2511.52
2512.023
2520.507
2536.477
2516.933
2507.811
2491.597
2530.628
2487.899
2534.987
2550.213
2512.034
2492.854
2517.989
2522.35
2491.56
2548.367
2508.26
2518.836
2530.439
2560.009
2551.382
2561.115
2507.823
2552.766
2511.39
2518.704
2528.776
2543.422
2510.935
2523.748
2531.251
2522.769
2518.761
2519.505
2552.757
2519.568
2494.162
2555.827
2490.676
2514.48
2550.193
2543.456
2528.778
2517.512
2536.035
2505.844
2540.282
2495.247
2558.308
2518.329
2524.529
2498.604
2493.49
2537.244
2571.62
2562.251
2488.527
2486.993
2536.855
2507.29
2545.12
2520.607
2506.836
2524.729
2547.385
2528.356
2534.613
2561.975
2493.811
2502.896
2512.779
2489.584
2491.431
2515.268
2527.73
2547.812
2541.951
2481.737
2533.605
2527.729
2509.26
2516.367
2553.756
2469.161
2504.996
2524.233
2487.45
2523.943
2506.414
2505.158
2536.778
2571.079
2527.668
2503.567
2545.563
2528.144
2533.937
2529.054
2526.477
2514.968
2516.38
2520.566
2518.326
2506.405
2526.035
2528.366
2538.84
2535.413
2518.358
2538.864
2529.678
2530.865
2520.804
2544.457
2553.681
2528.009
2494.538
2531.704
2550.225
2518.626
2503.498
2482.86
2518.98
2554.73
2538.959
2531.99
2539.114
2532.854
2518.232
2510.117
2538.574
2531.292
2515.944
2543.191
2524.988
2562.25
2534.123
2530.267
2523.729
2547.864
2500.842
2499.428
2510.985
2552.462
2533.008
2530.45
2515.313
2496.696
2538.004
2540.621
2517.976
2532.984
2546.564
2521.674
2512.655
2535.337
2552.616
2534.944
2516.33
2556.193
2552.732
2565.056
2521.915
2500.283
2548.323
2518.182
2499.517
2524.557
2503.858
2523.534
2507.178
2537.875
2543.697
2530.076
2529.742
2529.219
2526.938
2528.632
2545.12
2541.103
2541.574
2529.72
2549.725
2519.148
2541.595
2503.36
2514.715
2497.89
2538.481
2530.713
2551.385
2532.979
2533.609
2508.96
2540.959
2525.972
2542.394
2513.005
2523.563
2533.929
2540.968
2543.285
2538.569
2531.641
2528.123
2540.49
2530.952
2551.043
2507.22
2519.546
2527.04
2514.895
2507.268
2508.209
2558.285
2537.985
2548.98
2512.11
2494.164
2535.522
2540.398
2503.56
2530.17
2494.63
2520.176
2516.968
2575.783
2507.776
2597.917
2543.647
2538.657
2545.296
2514.228
2526.323
2505.574
2562.31
2602.089
2539.233
2529.727
2526.217
2558.819
2487.241
2558.272
2533.401
2491.88
2541.438
2502.059
2507.36
2549.939
2524.158
2544.844
2551.2
2554.813
2535.212
2519.117
2560.501
2533.353
2550.972
2565.9
2565.753
2547.218
2542.135
2492.165
2496.723
2508.722
2512.968
2564.141
2549.043
2562.924
2528.286
2504.452
2559.391
2533.182
2531.302
2509.154
2527.705
2559.106
2540.165
2559.182
2511.692
2503.595
2530.589
2549.924
2547.998
2520.627
2548.637
2524.383
2562.082
2547.808
2525.097
2534.028
2538.297
2553.002
2554.084
2514.541
2571.958
2561.364
2565.388
2529.371
2536.854
2545.688
2471.249
2511.099
2561.747
2546.494
2529.243
2510.635
2544.196
2576.209
2537.144
2510.44
2551.06
2537.035
2564.947
2525.394
2540.375
2561.947
2532.434
2560.56
2565.9
2538.225
2569.768
2532.336
2522.009
2515.007
2556.485
2505.102
2534.564
2517.008
2550.255
2572.321
2570.641
2514.43
2532.43
2515.986
2515.406
2514.772
2534.662
2523.044
2548.559
2504.017
2509.067
2546.581
2530.004
2542.723
2562.61
2499.769
2554.443
2543.922
2504.178
2545.012
2533.166
2525.838
2517.914
2554.285
2498.815
2535.88
2553.269
2528.784
2532.939
2561.925
2537.511
2541.461
2523.528
2530.631
2517.25
2529.784
2525.006
2557.652
2512.49
2531.546
2529.045
2544.616
2521.21
2543.146
2534.058
2547.849
2554.404
2559.141
2579.494
2506.667
2537.764
2512.188
2527.64
2593.774
2548.158
2534.723
2522.086
2539.303
2567.454
2512.669
2569.634
2544.088
2512.401
2522.9
2547.781
2566.851
2566.581
2536.316
2546.647
2502.341
2572.773
2538.446
2535.826
2518.783
2505.912
2543.949
2526.717
2517.686
2559.255
2523.253
2513.281
2535.339
2567.417
2570.326
2532.284
2513.39
2530.558
2530.281
2555.436
2535.338
2502.974
2545.8
2489.713
2556.737
2552.052
2527.063
2525.735
2553.744
2507.06
2562.586
2524.098
2548.682
2544.92
2538.42
2571.709
2511.095
2545.386
2531.502
2546.082
2480.376
2547.589
2569.222
2495.566
2540.901
2541.318
2541.991
2527.326
2542.033
2552.107
2511.699
2545.797
2531.999
2503.859
2535.459
2564.887
2544.286
2547.491
2523.132
2545.364
2533.53
2530.135
2508.811
2552.575
2526.744
2535.622
2592.794
2527.706
2546.609
2516.762
2564.645
2534.978
2511.521
2535.054
2550.122
2519.356
2554.978
2550.882
2597.643
2538.073
2533.708
2543.053
2541.787
2542.218
2531.542
2526.241
2536.93
2561.272
2534.224
2514.574
2537.603
2564.628
2518.803
2597.415
2531.282
2560.758
2533.93
2548.124
2539.972
2558.913
2484.09
2527.789
2529.616
2556.972
2570.432
2540.089
2542.441
2503.467
2543.574
2531.204
2540.135
2534.94
2544.053
2559.731
2525.302
2555.831
2538.477
2544.363
2514.813
2511.754
2543.641
2549.931
2560.445
2545.416
2555.965
2531.772
2525.947
2560.938
2547.221
2524.545
2533.188
2524.628
2505.373
2547.424
2503.121
2529.178
2556.2
2566.861
2564.346
2512.515
2561.824
2527.327
2559.177
2563.926
2547.31
2549.443
2566.294
2532.848
2546.323
2535.328
2542.055
2531.724
2548.62
2553.205
2574.674
2521.558
2552.575
2529.292
2568.817
2508.948
2540.277
2513.319
2566.848
2522.519
2536.622
2553.973
2546.952
2549.333
2513.395
2543.313
2561.205
2560.912
2556.314
2530.876
2530.028
2533.69
2564.196
2544.421
2542.223
2563.303
2522.675
2544.469
2552.579
2532.036
2516.206
2549.266
2563.047
2548.868
2531.647
2586.766
2523.419
2546.701
2517.053
2523.25
2555.582
2500.556
2552.04
2530.322
2527.948
2554.888
2540.202
2514.622
2555.943
2537.628
2484.511
2546.661
2556.07
2553.168
2519.247
2535.216
2522.872
2546.824
2527.572
2529.208
2513.611
2537.72
2552.136
2556.422
2583.226
2521.556
2514.083
2549.341
2539.997
2525.258
2566.768
2535.328
2544.022
2552.865
2540.689
2561.562
2532.449
2562.734
2549.15
2531.737
2579.401
2526.71
2526.812
2562.379
2579.269
2555.573
2527.038
2548.705
2561.925
2562.987
2565.543
2540.361
2544.31
2541.565
2516.782
2545.468
2558.127
2538.293
2501.435
2550.641
2553.772
2563.026
2583.286
2557.697
2535.858
2529.89
2523
2539.526
2541.793
2540.567
2492.815
2533.932
2538.838
2559.627
2518.602
2537.161
2520
2490.45
2559.331
2506.675
2541.871
2569.828
2548.566
2517.203
2556.505
2552.76
2526.413
2542.035
2550.174
2558.137
2542.297
2545.445
2533.383
2542.369
2550.383
2565.118
2546.951
2528.289
2546.665
2527.112
2514.352
2593.039
2566.351
2520.277
2540.928
2566.339
2564.689
2488.495
2555.363
2532.321
2551.083
2550.309
2556.625
2539.014
2570.043
2545.494
2505.222
2561.491
2508.215
2546.471
2573.561
2506.521
2558.705
2544.302
2537.296
2549.538
2554.407
2542.803
2538.157
2524.543
2523.016
2570.781
2551.296
2515.122
2582.755
2557.025
2558.266
2586.299
2570.544
2590.524
2560.871
2537.219
2520.313
2535.294
2550.393
2547.45
2569.485
2522.608
2511.59
2564.82
2547.789
2554.406
2547.888
2532.112
2551.537
2514.38
2534.472
2582.456
2539.863
2557.164
2560.044
2519.775
2561.367
2550.669
2529.293
2542.092
2544.602
2554.704
2599.534
2575.563
2545.063
2541.13
2553.648
2542.65
2563.691
2531.901
2549.245
2547.531
2575.334
2598.839
2596.338
2542.305
2539.476
2547.969
2570.655
2578.749
2549.376
2576.035
2576.809
2592.479
2544.831
2541.988
2527.166
2543.176
2547.883
2540.224
2552.799
2559.041
2591.268
2583.47
2567.829
2552.109
2539.599
2540.224
2555.69
2542.561
2546.562
2567.897
2557.159
2586.677
2575.345
2524.235
2550.488
2541.456
2567.339
2552.208
2530.892
2578.585
2552.547
2535.728
2569.434
2531.098
2595.3
2559.015
2545.29
2573.181
2534.735
2539.49
2527.039
2579.512
2558.237
2515.972
2559.886
2548.537
2560.375
2569.233
2566.268
2527.813
2587.859
2564.154
2549.134
2538.724
2540.562
2553.708
2548.131
2569.977
2544.832
2558.271
2550.85
2549.37
2576.099
2532.34
2519.85
2543.938
2567.248
2567.852
2572.67
2560.949
2506.549
2553.13
2567.506
2554.288
2551.609
2518.623
2501.474
2546.893
2580.804
2506.724
2568.456
2531.926
2556.329
2540.877
2547.05
2605.884
2552.081
2543.998
2535.817
2597.151
2561.917
2543.183
2522.929
2544.294
2569.019
2548.674
2570.271
2546.507
2554.434
2563.491
2563.062
2513.986
2565.17
2544.138
2552.518
2548.118
2577.206
2527
2574.227
2581.045
2583.962
2553.446
2543.4
2567.688
2552.964
2572.14
2568.866
2569.277
2584.472
2538.892
2556.662
2553.118
2555.162
2565.032
2546.117
2556.012
2539.291
2590.969
2578.085
2569.546
2587.745
2593.95
2566.35
2553.247
2537.918
2528.335
2528.854
2560.204
2567.212
2572.965
2540.521
2546.105
2558.582
2534.848
2535.239
2578.14
2538.336
2537.924
2587.141
2547.832
2552.021
2606.097
2556.191
2546.089
2562.735
2544.053
2542.076
2565.762
2581.432
2604.299
2544.368
2492.49
2528.953
2562.345
2526.108
2575.987
2570.679
2545.732
2530.963
2569.131
2575.039
2513.376
2545.315
2549.192
2551.865
2569.607
2548.143
2526.315
2569.581
2574.582
2587.04
2562.062
2575.065
2555.957
2546.294
2536.786
2550.413
2535.395
2542.802
2597.978
2545.868
2604.628
2555.608
2580.188
2565.023
2554.072
2565.557
2568.215
2519.266
2561.274
2579.594
2541.33
2580.99
2551.53
2557.807
2542.113
2531.209
2579.702
2559.223
2535.175
2529.797
2588.163
2568.121
2578.543
2558.85
2556.573
2589.181
2563.32
2582.009
2553.539
2572.093
2533.277
2563.14
2568.459
2543.362
2539.862
2561.138
2551.879
2502.793
2553.895
2540.288
2543.796
2539.379
2541.557
2541.436
2499.634
2562.051
2536.818
2538.343
2573.105
2569.226
2568.11
2548.685
2568.436
2526.777
2539.96
2597.488
2594.355
2553.743
2591.392
2571.131
2550.563
2539.533
2614.238
2580.049
2549.9
2568.536
2555.066
2555.142
2588.427
2578.044
2531.108
2596.086
2561.52
2592.33
2557.559
2551.678
2578.721
2560.536
2559.224
2533.992
2580.405
2571.82
2597.871
2573.237
2535.869
2514.182
2538.96
2582.942
2535.463
2554.014
2525.445
2576.199
2574.949
2560.838
2559.753
2524.973
2580.24
2554.596
2598.169
2555.044
2609.246
2555.369
2555.298
2555.34
2548.031
2588.796
2560.614
2578.802
2577.052
2569.663
2549.015
2578.15
2589.009
2578.447
2579.001
2586.718
2562.914
2559.351
2589.214
2550.487
2570.445
2572.241
2561.034
2566.599
2578.914
2544.506
2540.492
2566.509
2577.959
2520.686
2580.936
2520.459
2573.778
2556.278
2546.037
2560.676
2558.45
2579.682
2575.642
2575.253
2556.498
2555.551
2562.214
2585.035
2555.301
2549.432
2558.904
2577.424
2552.429
2581.743
2578.834
2572.895
2621.316
2541.147
2552.989
2609.815
2574.039
2609.915
2525.94
2530.829
2586.982
2538.268
2559.788
2564.463
2569.782
2622.161
2585.879
2575.33
2567.187
2527.702
2540.453
2572.727
2538.692
2567.437
2538.667
2574.301
2600.688
2549.762
2592.69
2564.172
2572.6
2515.212
2599.428
2574.564
2577.874
2570.786
2574.044
2537.378
2540.559
2614.818
2587.254
2582.022
2589.673
2590.166
2565.707
2574.118
2590.435
2570.1
2577.669
2532.242
2560.749
2571.27
2584.163
2553.384
2558.19
2575.669
2582.245
2575.166
2565.054
2553.769
2580.833
2544.037
2554.617
2603.087
2579.629
2589.446
2623.809
2549.756
2594.534
2552.925
2541.661
2550.805
2583.737
2570.423
2564.854
2566.84
2583.504
2585.31
2571.928
2564.369
2556.736
2592.703
2585.387
2550.395
2591.962
2565.55
2569.56
2567.336
2587.303
2586.76
2544.892
2539.638
2560.045
2583.428
2583.551
2588.509
2572.807
2581.829
2594.769
2552.949
2578.037
2565.387
2553.546
2523.058
2541.454
2549.791
2563.007
2580.111
2562.683
2577.405
2566.433
2585.445
2542.264
2556.844
2599.864
2537.406
2577.686
2581.354
2582.253
2582.359
2589.45
2561.237
2564.004
2619.037
2574.912
2588.29
2590.86
2580.979
2541.747
2589.887
2563.941
2547.552
2583.875
2571.293
2580.256
2584.82
2569.964
2570.384
2557.867
2567.58
2570.833
2556.885
2542.464
2555.273
2583.223
2582.575
2552.377
2589.859
2556.5
2574.325
2568.899
2563.148
2594.261
2551.925
2590.39
2592.125
2541.781
2531.408
2562.213
2565.171
2547.75
2584.626
2555.922
2585.018
2573.336
2584.304
2531.305
2539.314
2574.369
2584.169
2547.389
2578.295
2555.534
2580.932
2526.476
2580.125
2541.202
2554.905
2553.003
2574.612
2579.127
2584.626
2570.009
2586.437
2580.91
2565.334
2575.007
2560.209
2585.84
2571.122
2548.067
2587.423
2592.504
2559.378
2596.652
2570.216
2587.958
2560.992
2548.584
2587.608
2570.922
2567.448
2592.637
2549.569
2571.39
2603.251
2576.079
2577.462
2545.722
2543.846
2553.592
2562.143
2545.641
2573.009
2559.138
2578.379
2546.167
2608.471
2570.419
2568.236
2562.692
2571.746
2539.565
2537.129
2552.978
2582.618
2575.805
2556.157
2544.892
2548.907
2572.485
2569.191
2575.095
2579.123
2575.848
2558.02
2572.384
2551.925
2547.484
2545.531
2550.072
2577.172
2572.772
2563.807
2549.588
2574.659
2604.915
2531.636
2585.394
2571.87
2580.84
2565.401
2580.925
2576.49
2547.049
2578.519
2553.184
2559.684
2571.146
2578.759
2550.32
2551.267
2529.826
2547.018
2563.459
2562.935
2593.448
2553.78
2597.638
2597.991
2584.524
2575.943
2573.912
2565.278
2599.427
2564.626
2599.612
2575.425
2601.705
2582.527
2577.711
2558.318
2581.17
2552.168
2581.9
2565.396
2586.142
2614.693
2600.286
2582.173
2555.725
2607.642
2563.933
2564.921
2546.24
2552.638
2569.445
2586.303
2564.319
2545.211
2545.925
2560.934
2568.112
2544.751
2586.449
2587.878
2545.375
2530.089
2601.517
2584.012
2579.88
2601.565
2555.843
2602.045
2568.805
2621.049
2574.085
2562.384
2581.676
2569.436
2570.124
2608.594
2540.374
2566.431
2589.848
2565.246
2568.738
2593.182
2595.807
2564.474
2550.951
2552.988
2572.226
2577.188
2543.3
2589.357
2572.89
2545.607
2550.283
2593.492
2566.161
2572.965
2561.502
2598.49
2594.412
2586.642
2601.239
2559.057
2564.668
2568.237
2600.591
2587.757
2585.392
2582.448
2575.866
2551.747
2604.487
2547
2559.838
2587.252
2593.645
2571.117
2563.383
2560.097
2598.905
2564.189
2578.399
2549.719
2556.613
2618.741
2601.429
2560.037
2605.351
2547.552
2574.212
2569.729
2569.022
2570.7
2603.656
2600.471
2565.698
2561.299
2568.966
2550.55
2580.783
2605.97
2579.274
2571.115
2592.923
2614.033
2567.299
2568.973
2597.501
2571.807
2577.914
2570.874
2551.982
2568.955
2568.685
2540.469
2522.476
2556.751
2546.426
2562.327
2577.964
2575.531
2577.617
2572.622
2604.55
2584.326
2608.189
2583.753
2579.349
2597.42
2557.26
2559.053
2572.024
2621.207
2602.665
2591.433
2585.894
2539.041
2571.001
2540.284
2576.787
2569.628
2589.29
2566.617
2595.449
2591.753
2539.378
2577.27
2598.268
2537.878
2572.076
2577.571
2565.332
2568.396
2606.922
2573.95
2568.662
2572.692
2576.149
2589.132
2518.714
2575.649
2556.433
2606.493
2556.641
2560.147
2574.463
2614.265
2595.355
2619.106
2573.359
2588.336
2562.09
2544.547
2606.999
2586.281
2571.826
2597.606
2584.632
2576.3
2579.32
2591.302
2566.778
2553.282
2583.098
2611.133
2555.859
2560.606
2568.373
2559.917
2533.012
2576.901
2575.783
2549.58
2582.469
2555.74
2639.893
2609.036
2536.648
2567.951
2601.295
2582.017
2607.505
2616.739
2612.71
2587.005
2606.14
2553.691
2546.187
2539.051
2563.469
2584.466
2593.422
2587.808
2575.124
2599.225
2551.863
2557.342
2610.822
2571.664
2558.035
2578.162
2582.685
2617.896
2605.009
2564.108
2590.371
2540.683
2597.524
2565.116
2590.459
2581.913
2579.97
2547.845
2608.644
2560.614
2575.993
2581.483
2565.583
2548.914
2572.891
2594.038
2604.651
2609.502
2591.967
2565.924
2594.037
2617.558
2576.014
2572.893
2568.733
2565.457
2573.487
2570.147
2580.977
2571.27
2584.99
2566.566
2566.959
2565.208
2572.965
2577.236
2583.294
2562.011
2591.759
2570.236
2556.433
2567.307
2581.915
2589.465
2586.636
2581.938
2558.385
2592.61
2558.342
2604.333
2553.226
2554.009
2564.706
2600.954
2583.748
2516.994
2583.167
2579.784
2574.812
2587.994
2587.472
2586.414
2587.423
2559.682
2583.164
2589.998
2539.158
2572.021
2596.228
2576.169
2588.58
2547.293
2562.799
2602.499
2587.091
2550.846
2590.635
2549.058
2568.105
2595.539
2608.657
2596.844
2598.051
2617.625
2577.095
2582.254
2589.473
2577.976
2576.714
2587.8
2619.452
2600.633
2583.649
2582.392
2608.899
2548.168
2544.82
2576.774
2578.985
2580.165
2597.144
2544.627
2597.647
2551.439
2557.275
2549.713
2604.513
2564.62
2569.42
2557.56
2570.063
2581.03
2579.496
2585.621
2553.8
2579.636
2590.479
2583.704
2611.801
2571.766
2598.951
2602.722
2602.613
2574.162
2568.921
2593.1
2596.402
2588.604
2571.666
2579.614
2600.019
2585.737
2601.823
2559.506
2574.216
2587.959
2577.349
2567.169
2581.584
2601.837
2552.378
2575.641
2616.001
2539.228
2565.286
2600.185
2586.505
2567.973
2589.927
2596.085
2562.719
2594.863
2610.591
2581.97
2591.225
2604.495
2581.957
2585.769
2580.255
2548.937
2591.234
2546.632
2611.955
2603.366
2602.282
2579.794
2591.882
2559.842
2607.909
2560.979
2607.253
2601.619
2596.84
2603.451
2589.205
2562.925
2586.053
2553.034
2581.319
2577.747
2562.745
2581.352
2585.327
2604.144
2570.033
2573.331
2574.116
2589.853
2586.804
2603.9
2584.821
2559.638
2555.097
2573.194
2568.555
2554.276
2591.956
2547.745
2590.702
2605.108
2556.834
2579.652
2549.368
2554.046
2606.635
2597.132
2574.364
2592.636
2571.322
2574.91
2585.067
2544.938
2576.212
2590.61
2571.938
2592.521
2602.168
2550.009
2576.748
2570.979
2601.527
2631.942
2562.114
2587.812
2588.823
2548.92
2577.705
2569.717
2599.107
2604.67
2614.005
2568.781
2597.85
2555.826
2579.032
2543.163
2616.295
2582.497
2602.446
2611.857
2595.658
2526.104
2567.08
2594.482
2588.598
2586.148
2608.098
2597.484
2595.754
2565.653
2569.4
2561.31
2599.926
2568.162
2633.51
2580.758
2591.402
2612.81
2633.999
2578.36
2555.604
2617.124
2542.009
2550.264
2598.185
2615.139
2609.688
2561.996
2564.863
2595.853
2561.686
2572.68
2578.453
2587.166
2637.787
2567.756
2577.118
2610.399
2585.365
2584.589
2587.914
2581.412
2574.138
2600.264
2580.006
2556.319
2603.462
2576.152
2579.839
2584.893
2587.839
2592.107
2591.533
2610.267
2592.241
2598.92
2571.369
2561.826
2569.717
2595.141
2573.6
2545.643
2574.56
2616.199
2564.437
2585.949
2580.635
2623.5
2559.391
2580.672
2598.044
2590.647
2592.779
2570.466
2572.515
2543.461
2573.557
2652.68
2602.631
2569.746
2612.168
2617.566
2580.506
2583.248
2600.278
2582.44
2575.769
2621.61
2587.533
2594.614
2610.503
2607.644
2600.582
2618.851
2570.919
2601.701
2589.928
2588.648
2604.093
2603.216
2576.458
2606.618
2585.195
2570.586
2580.528
2539.886
2591.011
2564.729
2565.334
2585.312
2611.094
2586.054
2554.968
2602.854
2611.147
2579.366
2608.589
2588.384
2589.151
2610.423
2582.31
2581.996
2622.03
2604.873
2593.272
2571.867
2609.893
2603.603
2597.191
2602.915
2576.457
2594.44
2612.248
2574.047
2574.684
2620.948
2625.861
2601.379
2576.649
2593.743
2560.227
2626.509
2562.37
2571.148
2573.653
2606.612
2604.974
2597.292
2600.963
2609.738
2600.461
2592.945
2574.076
2596.828
2627.386
2594.717
2567.513
2607.818
2564.079
2578.699
2559.299
2564.641
2630.671
2587.952
2589.783
2585.738
2578.962
2543.326
2585.351
2557.933
2595.215
2600.407
2586.28
2587.49
2624.646
2591.94
2575.377
2626.944
2546.686
2600.746
2623.73
2608.243
2599.495
2564.093
2586.333
2598.726
2609.185
2542.864
2606.879
2594.707
2623.831
2571.783
2597.904
2558.621
2588.839
2576.526
2600.503
2618.365
2618.533
2590.995
2574.219
2572.21
2594.864
2591.285
2560.826
2580.084
2598.077
2592.588
2593.553
2572.916
2584.817
2557.338
2569.992
2581.325
2610.472
2588.35
2580.797
2541.399
2602.044
2583.034
2577.541
2587.473
2588.461
2584.334
2546.991
2585.417
2554.966
2596.321
2592.353
2587.141
2590.236
2595.658
2604.388
2597.985
2606.025
2576.62
2604.327
2583.56
2535.45
2596.729
2584.976
2577.506
2594.881
2589.864
2630.154
2599.652
2569.959
2565.61
2579.056
2594.234
2622.028
2583.814
2612.827
2575.372
2608.438
2591.36
2583.637
2558.832
2552.174
2569.482
2588.934
2606.05
2596.589
2593.836
2581.724
2589.574
2573.949
2574.663
2595.266
2577.816
2572.502
2598.963
2587.539
2555.444
2619.805
2556.688
2600.766
2587.581
2574.52
2564.233
2556.449
2569.923
2566.839
2596.808
2609.577
2606.799
2564.839
2599.375
2570.484
2601.482
2589.885
2615.831
2582.189
2612.645
2584.216
2609.789
2573.026
2598.845
2585.66
2587.176
2599.936
2609.141
2573.348
2573.426
2606.143
2607.618
2576.319
2592.549
2572.794
2602.877
2602.075
2552.74
2605.203
2585.791
2615.246
2586.821
2585.845
2604.515
2593.898
2588.004
2601.318
2601.181
2577.461
2588.124
2606.397
2541.198
2586.761
2578.735
2571.83
2576.631
2560.298
2585.638
2577.14
2580.135
2575.733
2586.463
2579.744
2577.548
2591.157
2615.136
2591.862
2572.033
2604.657
2595.151
2607.687
2598.35
2577.111
2568.104
2597.095
2591.556
2601.173
2572.804
2612.199
2561.478
2604.385
2610.6
2579.524
2589.519
2567.084
2568.719
2565.913
2564.178
2611.618
2603.173
2600.019
2587.781
2582.862
2626.769
2581.541
2578.194
2586.902
2581.474
2584.419
2583.997
2607.818
2574.387
2608.059
2572.476
2606.627
2621.434
2606.508
2580.781
2567.974
2566.034
2597.587
2617.687
2613.065
2613.478
2586.415
2587.085
2555.161
2595.804
2563.116
2587.567
2560.398
2615.563
2584.469
2622.827
2568.377
2622.91
2584.89
2604.584
2609.269
2565.637
2547.868
2564.264
2555.618
2598.907
2584.617
2586.185
2600.895
2573.517
2632.267
2560.665
2605.172
2598.651
2595.298
2623.673
2609.444
2592.738
2595.818
2607.917
2572.713
2579.42
2573.603
2617.034
2585.3
2588.512
2624.89
2572.544
2589.128
2605.218
2590.32
2599.077
2582.648
2564.294
2603.222
2622.447
2576.742
2578.937
2604.402
2634.886
2559.238
2599.072
2591.535
2604.553
2579.119
2606.188
2571.417
2592.417
2615.719
2589.39
2587.191
2613.017
2602.125
2599.472
2592.842
2609.802
2577.689
2593.296
2599.431
2592.447
2616.006
2583.414
2634.165
2609.908
2581.279
2626.167
2575.822
2591.52
2594.561
2596.412
2577.156
2623.694
2621.632
2630.487
2565.342
2587.818
2573.184
2583.632
2589.818
2581.661
2633.614
2586.675
2633.466
2551.037
2584.348
2598.525
2611.413
2562.887
2602.252
2562.598
2612.541
2578.744
2591.627
2595.059
2586.739
2550.428
2573.743
2616.023
2610.301
2603.723
2578.555
2578.791
2613.838
2586.476
2610.158
2574.523
2575.445
2600.844
2619.934
2600.93
2582.353
2592.068
2611.084
2591.151
2606.316
2602.653
2587.719
2594.277
2613.625
2603.162
2563.986
2589.085
2575.661
2585.293
2588.727
2589.43
2580.702
2568.082
2611.596
2583.702
2599.854
2599.745
2643.481
2595.939
2616.388
2608.595
2565.964
2593.416
2568.993
2625.435
2548.152
2602.309
2616.336
2572.396
2603.403
2645.046
2590.485
2609.353
2625.555
2571.494
2629.252
2564.666
2610.281
2607.918
2598.449
2621.276
2579.296
2586.63
2651.491
2598.822
2608.227
2590.514
2596.243
2601.38
2581.9
2625.27
2607.302
2602.688
2596.732
2590.526
2603.266
2606.406
2568.511
2556.57
2626.124
2589.797
2608.138
2606.597
2574.517
2567.526
2580.832
2615.088
2553.941
2610.638
2597.601
2579.984
2593.438
2639.455
2629.767
2592.221
2607.218
2576.134
2643.735
2580.361
2634.301
2590.739
2616.491
2583.059
2603.438
2571.234
2598.134
2603.91
2595.735
2597.972
2623.578
2613.389
2608.46
2563.316
2581.351
2577.641
2640.946
2622.896
2604.044
2590.893
2613.664
2591.847
2617.237
2611.585
2607.267
2581.39
2590.684
2558.055
2624.738
2587.237
2559.216
2589.856
2659.016
2612.041
2596.1
2599.693
2603.983
2627.04
2597.552
2615.945
2583.793
2573.96
2582.063
2589.221
2625.574
2611.406
2568.25
2556.321
2603.499
2595.625
2566.833
2607.458
2565.882
2625.617
2589.835
2556.225
2630.399
2594.418
2595.934
2576.301
2596.351
2610.403
2573.841
2598.595
2565.778
2561.741
2559.722
2606.578
2591.174
2637.247
2626.006
2605.389
2606.604
2600.638
2593.517
2594.751
2592.641
2596.371
2627.911
2589.108
2587.887
2617.804
2551.498
2644.197
2628.513
2568.364
2609.878
2600.585
2563.662
2624.935
2591.056
2599.015
2593.188
2561.199
2583.281
2616.134
2597.564
2589.822
2621.496
2598.6
2602.416
2619.347
2598.482
2601.17
2614.733
2550.281
2604.148
2555.547
2572.005
2609.634
2624.259
2576.71
2600.525
2583.139
2621.822
2611.684
2610.723
2604.781
2567.242
2594.439
2560.707
2582.087
2593.976
2598.645
2582.837
2550.413
2585.093
2587.484
2606.932
2606.06
2617.186
2537.284
2572.36
2597.992
2623.413
2591.209
2596.676
2615.168
2628.318
2595.559
2564.25
2588.213
2579.954
2567.418
2574.216
2580.166
2564.971
2572.327
2619.11
2602.785
2590.237
2625.502
2601.383
2573.247
2609.821
2579.435
2573.057
2600.373
2614.105
2607.646
2614.253
2558.586
2590.104
2589.782
2604.256
2600.024
2578.879
2601.567
2628.127
2597.809
2586.138
2602.733
2631.827
2588.758
2615.299
2618.821
2617.968
2576.78
2585.628
2578.362
2590.133
2617.058
2587.677
2611.305
2596.182
2573.841
2605.768
2561.945
2563.605
2595.692
2585.455
2569.236
2587.642
2609.41
2601.686
2627.21
2644.668
2594.45
2588.012
2605.288
2588.793
2600.092
2592.136
2601.878
2594.111
2600.612
2652.792
2597.283
2585.452
2583.083
2621.913
2623.548
2592.991
2586.748
2664.001
2623.029
2618.126
2615.4
2571.03
2592.91
2565.566
2595.295
2573.367
2578.105
2598.741
2609.274
2610.097
2579.035
2594.974
2597.304
2576.032
2649.297
2620.046
2592.575
2628.888
2579.082
2592.254
2580.48
2621.789
2608.186
2634.104
2632.119
2587.141
2580.407
2606.499
2584.391
2578.4
2624.31
2602.654
2595.642
2569.5
2597.804
2600.428
2604.44
2589.43
2612.084
2640.64
2613.166
2609.57
2587.511
2581.579
2572.334
2603.976
2568.218
2600.283
2582.757
2607.264
2604.501
2626.593
2625.759
2594.388
2596.76
2606.176
2609.594
2610.501
2618.501
2573.773
2609.476
2577.031
2626.426
2580.837
2602.363
2586.555
2603.94
2570.337
2586.774
2572.812
2609.331
2618.162
2601.432
2609.551
2620.511
2591.695
2607.433
2572.745
2605.649
2572.93
2610.738
2580.34
2617.32
2585.044
2580.623
2597.795
2603.478
2602.457
2605.595
2599.462
2594.332
2589.199
2588.185
2605.252
2575.701
2588.755
2610.659
2565.57
2624.158
2586.473
2605.55
2584.718
2584.696
2586.311
2603.767
2566.135
2657.341
2588.68
2608.409
2597.993
2600.094
2596.44
2589.014
2587.344
2582.651
2614.14
2622.744
2618.449
2621.418
2625.368
2610.274
2598.663
2580.782
2610.674
2602.327
2609.401
2586.369
2606.815
2614.079
2608.716
2589.377
2583.322
2606.131
2579.395
2562.779
2605.283
2588.903
2594.562
2578.012
2585.279
2616.155
2575.269
2556.015
2607.961
2564.941
2622.247
2606.184
2582.414
2590.376
2569.239
2548.524
2611.128
2601.767
2583.858
2577.801
2589.845
2618.825
2595.851
2588.279
2621.987
2603.488
2577.899
2593.381
2578.243
2618.766
2593.296
2624.709
2618.76
2615.507
2612.231
2634.735
2601.7
2617.827
2585.825
2567.92
2587.417
2603.63
2608.835
2629.962
2603.874
2606.762
2542.51
2621.432
2623.794
2618.951
2612.666
2597.714
2568.934
2590.879
2561.524
2620.387
2593.942
2603.589
2585.49
2636.999
2590.157
2591.932
2594.812
2625.81
2596.398
2593.526
2625.318
2592.262
2601.691
2591.547
2612.819
2631.951
2602.668
2598.164
2603.538
2594.068
2621.74
2623.509
2614.202
2621.204
2602.183
2543.684
2603.747
2627.272
2574.254
2564.079
2578.518
2601.9
2600.261
2613.719
2587.843
2610.429
2597.851
2634.153
2605.325
2578.741
2608.549
2551.213
2578.504
2610.049
2617.302
2626.95
2590.398
2586.522
2632.96
2606.689
2598.451
2607.768
2601.421
2617.523
2605.281
2603.149
2576.987
2608.1
2596.07
2576.429
2573.753
2588.706
2597.582
2595.911
2658.581
2617.206
2639.126
2592.602
2592.553
2613.737
2600.798
2607.23
2567.191
2569.024
2613.189
2589.896
2619.083
2597.56
2593.779
2584.73
2633.486
2619.016
2604.564
2614.764
2613.967
2625.248
2591.377
2588.422
2647.707
2563.584
2600.116
2626.29
2612.593
2606.03
2618.538
2599.395
2594.304
2589.679
2590.597
2597.903
2587.313
2599.652
2600.661
2589.309
2598.589
2609.875
2576.597
2623.237
2599.852
2618.363
2563.674
2576.117
2610.444
2634.798
2650.688
2597.305
2596.921
2597.723
2616.798
2605.001
2579.294
2606.976
2587.936
2611.998
2616.449
2637.986
2597.697
2588.556
2590.12
2612.403
2567.591
2583.294
2603.603
2596.31
2631.207
2593.563
2617.21
2578.585
2628.959
2563.033
2613.736
2615.887
2594.338
2640.852
2615.698
2577.849
2622.754
2599.617
2629.268
2610.679
2583.788
2585.794
2579.054
2608.46
2588.427
2595.268
2585.055
2594.256
2623.564
2591.334
2563.956
2578.15
2590.515
2619.567
2583.898
2603.36
2592.656
2628.972
2567.749
2590.268
2597.214
2609.7
2614.405
2574.14
2618.4
2622.961
2611.707
2572.024
2611.08
2596.821
2629.293
2573.208
2626.278
2622.513
2596.051
2618.414
2613.299
2632.832
2583.061
2603.321
2631.87
2586.71
2627.187
2602.977
2587.453
2600.682
2595.599
2585.932
2584.277
2577.327
2597.401
2631.834
2594.645
2587.135
2600.868
2609.187
2620.274
2601.012
2623.11
2589.396
2596.067
2616.66
2593.846
2571.68
2634.347
2648.795
2620.085
2577.81
2550.84
2573.702
2576.362
2573.975
2587.407
2617.589
2644.994
2613.154
2599.635
2574.109
2620.106
2596.274
2559.495
2598.274
2631.028
2610.592
2603.94
2587.828
2581.876
2578.309
2625.395
2564.475
2550.303
2595.073
2612.242
2607.898
2603.491
2598.63
2611.829
2596.296
2614.765
2583.141
2624.602
2573.203
2604.247
2600.299
2586.38
2549.194
2591.391
2568.235
2607.277
2612.949
2617.723
2623.877
2597.782
2594.43
2585.324
2653.978
2604.653
2604.333
2609.73
2583.663
2610.274
2625.177
2577.661
2582.332
2591.007
2606.686
2615.784
2598.225
2587.936
2596.873
2604.456
2604.614
2596.479
2627.297
2596.942
2603.335
2584.114
2582.383
2599.367
2612.083
2598.544
2615.499
2583.293
2604.307
2608.654
2578.918
2635.062
2559.356
2624.688
2608.899
2581.976
2621.278
2572.831
2602.691
2614.42
2599.3
2588.831
2569.413
2588.06
2616.965
2600.935
2582.812
2610.142
2613.492
2571.001
2623.885
2608.656
2646.62
2605.375
2605.897
2606.548
2582.065
2625.646
2606.084
2582.689
2600.548
2606.081
2609.539
2611.521
2616.015
2609.458
2603.823
2608.475
2613.464
2604.2
2642.606
2562.165
2579.203
2607.878
2592.251
2622.749
2566.916
2610.834
2583.641
2613.668
2593.046
2579.715
2582.869
2650.635
2650.418
2563.563
2602.693
2591.621
2590.364
2589.618
2611.573
2583.45
2599.234
2562.936
2593.184
2605.073
2608.181
2592.003
2583.528
2615.228
2634.359
2625.926
2606.431
2607.554
2603.034
2579.083
2591.109
2601.077
2630.545
2615.144
2598.592
2581.135
2583.39
2594.94
2632.855
2604.197
2578.541
2562.99
2595.073
2618.441
2567.178
2600.537
2606.084
2600.294
2574.365
2595.046
2628.065
2598.049
2574.995
2586.818
2610.295
2620.988
2608.363
2596.777
2594.279
2618.979
2570.1
2599.478
2586.353
2645.447
2615.392
2578.159
2592.124
2551.367
2585.862
2623.028
2604.03
2610.377
2600.611
2584.427
2603.618
2568.426
2624.984
2584.509
2580.488
2586.39
2625.473
2582.743
2613.704
2619.469
2623.89
2612.837
2601.034
2621.985
2591.009
2598.689
2593.646
2574.133
2564.047
2591.143
2615.16
2624.93
2598.431
2640.658
2604.621
2602.629
2627.139
2593.297
2590.541
2576.971
2604.059
2605.687
2624.307
2585.684
2581.889
2594.302
2598.39
2592.114
2600.917
2610.337
2595.208
2603.48
2606.652
2574.459
2572.873
2607.578
2570.33
2601.195
2574.265
2620.889
2608.725
2563.099
2578.582
2593.529
2575.806
2600.414
2606.106
2602.012
2605.118
2607.236
2622.624
2590.747
2597.552
2619.867
2573.627
2575.086
2582.323
2613.013
2593.025
2606.144
2624.293
2596.775
2614.132
2587.171
2637.595
2597.123
2597.139
2592.735
2611.322
2589.518
2592.212
2591.407
2603.321
2621.877
2599.406
2577.197
2590.48
2634.377
2592.645
2589.677
2590.212
2580.668
2614.625
2622.735
2584.98
2593.972
2564.791
2614.437
2607.15
2601.505
2583.729
2600.162
2614.03
2593.885
2621.811
2574.926
2573.07
2581.58
2595.781
2590.055
2592.951
2652.199
2553.844
2591.011
2619.603
2631.381
2602.014
2576.312
2559.899
2606.686
2617.759
2610.299
2611.629
2566.816
2612.67
2597.792
2593.981
2571.161
2581.57
2665.474
2596.095
2603.798
2585.928
2615.604
2600.202
2598.539
2630.612
2598.79
2613.259
2566.339
2592.268
2601.387
2602.654
2599.58
2583.33
2566.656
2584.353
2578.712
2606.672
2581.22
2588.713
2563.624
2613.653
2595.912
2596.121
2608.134
2604.797
2615.832
2609.322
2623.115
2605.892
2592.065
2581.896
2626.905
2544.188
2616.148
2603.939
2599.254
2596.749
2599.713
2598.671
2581.121
2601.594
2595.428
2617.786
2616.027
2624.771
2611.236
2587.257
2578.525
2603.943
2623.138
2585
2602.95
2580.82
2609.374
2591.729
2589.312
2612.286
2650.182
2589.829
2610.125
2597.192
2611.249
2601.092
2608.032
2546.549
2600.81
2612.583
2570.847
2625.087
2575.475
2602.787
2615.002
2585.831
2588.169
2600.535
2601.652
2604.686
2613.2
2625.747
2612.283
2590.776
2586.63
2576.493
2572.479
2544.259
2582.026
2580.601
2602.428
2503.319
2590.957
2607.599
2577.411
2605.126
2592.191
2603.377
2624.78
2620.822
2577.456
2595.668
2592.991
2592.059
2633.033
2590.89
2595.189
2596.907
2570.12
2586.355
2612.935
2607.545
2591.713
2614.483
2556.718
2605.142
2616.431
2600.091
2630.406
2605.084
2580.913
2589.832
2576.203
2606.174
2585.392
2623.151
2593.552
2630.978
2605.977
2577.043
2625.528
2645.733
2604.879
2588.476
2580.813
2585.074
2592.785
2589.955
2585.742
2607.991
2597.504
2629.052
2598.678
2568.16
2586.987
2602.997
2601.207
2580.924
2569.578
2590.59
2617.231
2606.756
2624.598
2622.093
2600.398
2556.281
2564.451
2574.017
2609.739
2596.217
2609.573
2578.106
2591.966
2599.862
2619.461
2618.058
2590.851
2635.658
2635.1
2576.86
2619.733
2581.968
2607.143
2593.492
2578.967
2590.729
2573.485
2593.951
2597.896
2617.324
2595.262
2612.352
2573.119
2619.653
2568.244
2576.457
2604.292
2587.948
2584.205
2606.784
2596.241
2623.373
2620.048
2616.546
2610.017
2596.65
2609.739
2598.659
2585.315
2629.325
2624.334
2591.304
2611.569
2605.923
2620.438
2623.701
2619.546
2640.791
2567.099
2606.14
2586.042
2599.424
2599.291
2611.437
2616.403
2599.798
2568.256
2625.29
2579.972
2579.676
2623.032
2617.483
2589.616
2614.942
2601.444
2586.402
2584.262
2616.72
2609.6
2573.614
2582.077
2617.965
2594.525
2616.04
2609.969
2605.326
2588.497
2593.534
2588.212
2601.596
2596.08
2569.942
2617.3
2575.191
2595.378
2561.973
2594.004
2587.072
2595.081
2611.515
2560.101
2637.628
2581.285
2572.744
2594.403
2602.085
2631.957
2587.496
2625.681
2595.647
2630.456
2612.152
2608.56
2589.555
2620.692
2582.96
2564.877
2621.053
2598.288
2566.433
2599.494
2560.649
2600.427
2582.659
2588.82
2584.001
2584.08
2563.16
2569.806
2611.205
2602.308
2629.106
2562.319
2595.731
2624.968
2611.474
2553.953
2623.142
2600.33
2595.161
2595.255
2610.917
2611.628
2649.259
2624.884
2603.973
2612.142
2602.897
2573.907
2612.285
2580.215
2624.225
2616.238
2595.753
2570.882
2575.627
2601.037
2632.131
2584.086
2612.253
2564.931
2596.766
2622.719
2550.03
2629.64
2584.538
2591.544
2603.483
2602.089
2622.569
2596.406
2612.166
2604.305
2592.125
2628.382
2602.182
2560.025
2576.08
2614.649
2636.868
2599.509
2612.825
2589.717
2592.476
2595.357
2631.852
2579.293
2584.384
2582.184
2595.264
2590.299
2598.846
2596.671
2567.526
2590.725
2585.951
2611.618
2587.397
2616.319
2601.848
2600.435
2573.47
2625.887
2582.15
2611.961
2583.858
2564.586
2601.907
2592.207
2606.689
2584.34
2609.52
2595.547
2589.984
2588.944
2587.59
2594.972
2570.089
2576.384
2631.547
2626.754
2630.074
2598.653
2651.115
2643.219
2603.331
2619.886
2585.663
2608.014
2574.501
2567.411
2594.863
2586.649
2606.298
2585.223
2588.681
2589.753
2621.339
2581.706
2585.671
2584.164
2578.941
2592.61
2603.005
2604.909
2606.486
2574.047
2569.445
2598.335
2588.492
2586.854
2591.988
2600.486
2616.781
2597.29
2606.594
2615.479
2621.414
2586.574
2623.725
2603.257
2595.42
2567.202
2600.779
2591.932
2591.131
2590.389
2600.583
2597.853
2572.436
2594.872
2613.409
2574.705
2597.773
2605.749
2591.349
2595.456
2609.461
2608.845
2605.713
2601.871
2574.509
2605.061
2588.866
2611.767
2591.976
2573.376
2590.314
2569.476
2595.209
2606.965
2578.748
2592.56
2623.607
2593.705
2553.978
2635.392
2589.087
2595.687
2648.051
2591.862
2586.177
2626.016
2589.681
2623.992
2597.699
2627.861
2569.067
2595.746
2544
2609.127
2597.88
2639.016
2608.027
2597.179
2625.503
2596.972
2598.067
2613.033
2610.152
2607.638
2586.636
2603.544
2600.14
2582.952
2604.288
2580.711
2603
2594.716
2581.461
2587.988
2612.14
2593.571
2586.642
2592.088
2566.418
2610.889
2625.237
2585.364
2593.559
2622.327
2579.658
2597.336
2601.491
2625.036
2588.213
2605.049
2601.85
2583.58
2596.047
2610.836
2588.371
2603.717
2583.44
2566.803
2597.729
2594.444
2570.509
2627.861
2583.282
2599.759
2578.292
2563.379
2610.028
2595.671
2627.659
2580.044
2572.597
2604.095
2636.21
2585.054
2580.063
2606.994
2617.93
2601.351
2622.412
2580.113
2615.798
2578.228
2593.476
2628.005
2554.524
2609.878
2595.142
2579.925
2608.064
2562.459
2583.889
2603.617
2601.636
2603.683
2582.894
2587.86
2582.38
2568.908
2586.081
2569.946
2605.405
2555.179
2621.876
2626.263
2567.194
2582.76
2594.934
2604.119
2558.314
2579.401
2582.924
2604.836
2616.023
2622.57
2589.863
2568.466
2607.297
2621.744
2575.531
2568.899
2594.844
2560.513
2605.745
2616.039
2585.646
2590.786
2605.882
2585.922
2573.32
2616.278
2605.812
2555.974
2558.482
2590.119
2577.519
2545.827
2584.663
2588.581
2565.999
2607.471
2553.953
2580.235
2592.481
2621.404
2572.12
2654.839
2580.365
2572.378
2598.048
2600.976
2572.768
2598.614
2582.924
2572.474
2594.193
2592.961
2558.414
2600.835
2567.06
2620.493
2598.268
2603.311
2574.762
2576.836
2590.76
2613.262
2603.842
2570.602
2626.766
2582.101
2564.798
2611.666
2581.473
2615.71
2588.781
2600.327
2601.482
2558.537
2611.539
2563.596
2601.786
2613.302
2576.791
2605.013
2638.13
2603.993
2571.218
2584.572
2639.726
2579.962
2583.992
2591.261
2596.999
2558.352
2573.784
2620.656
2573.565
2603.871
2585.602
2590.028
2539.112
2607.283
2582.824
2586.521
2594.962
2616.088
2600.928
2596.119
2600.365
2607.021
2625.808
2572.445
2567.367
2630.345
2599.912
2591.792
2584.389
2562.822
2569.107
2623.666
2611.059
2593.502
2575.67
2605.814
2598.472
2615.926
2575.747
2618.766
2610.982
2598.682
2584.39
2584.383
2623.494
2602.022
2599.036
2598.416
2569.901
2576.362
2573.527
2605.188
2584.792
2569.631
2565.56
2602.498
2576.677
2587.258
2601.076
2571.581
2572.256
2598.319
2566.99
2590.86
2568.428
2600.589
2623.659
2561.049
2584.825
2584.578
2561.974
2579.236
2617.694
2610.197
2580.226
2588.411
2624.834
2568.319
2569.637
2584.123
2623.541
2585.551
2586.342
2589.264
2596.438
2595.631
2608.203
2600.342
2586.24
2604.308
2602.859
2561.009
2620.989
2590.1
2614.651
2558.929
2572.707
2602.561
2594.863
2593.637
2570.831
2568.803
2634.638
2610.475
2587.621
2619.962
2609.486
2561.179
2594.945
2595.29
2597.178
2575.205
2612.547
2607.63
2588.655
2608.613
2602.279
2589.491
2603.477
2601.956
2612.34
2578.587
2599.187
2592.725
2607.329
2576.778
2589.862
2584.016
2593.939
2566.742
2592.511
2583.173
2604.89
2629.007
2552.934
2612.248
2579.26
2588.016
2602.754
2576.272
2601.566
2546.126
2594.653
2555.189
2548.02
2566.678
2589.213
2611.668
2560.243
2607.111
2589.864
2591.785
2571.185
2599.766
2585.47
2623.172
2563.149
2572.768
2592.085
2587.161
2604.423
2625.047
2612.229
2576.058
2533.999
2567.297
2587.936
2580.91
2597.744
2574.031
2589.712
2581.164
2618.492
2577.401
2576.046
2606.19
2609.358
2605.023
2559.795
2578.691
2610.013
2603.496
2584.254
2541.747
2591.22
2595.239
2586.139
2588.749
2580.955
2589.69
2591.417
2615.033
2596.07
2562.393
2589.67
2581.004
2569.41
2580.627
2580.841
2626.06
2581.317
2593.307
2615.788
2565.942
2570.953
2597.498
2579.04
2588.895
2587.757
2594.547
2605.584
2615.35
2578.069
2559.74
2600.071
2593.699
2634.836
2578.538
2592.944
2589.491
2578.038
2577.212
2588.369
2597.434
2544.975
2590.16
2603.029
2599.952
2596.502
2587.816
2598.54
2599.4
2578.743
2578.565
2592.972
2607.818
2577.059
2610.114
2575.759
2580.395
2572.881
2645.214
2588.592
2602.037
2605.846
2582.281
2625.24
2560.214
2628.37
2584.53
2607.037
2624.726
2579.588
2597.105
2535.657
2599.804
2569.468
2570.442
2605.758
2592.498
2601.085
2584.331
2604.679
2596.771
2574.498
2585.575
2565.326
2614.832
2576.359
2624.038
2580.168
2561.538
2585.95
2581.861
2598.281
2582.698
2580.716
2601.388
2576.8
2565.658
2562.051
2600.409
2582.923
2568.104
2596.392
2602.369
2581.563
2595.697
2603.473
2556.195
2571.853
2566.825
2575.48
2593.554
2611.283
2569.432
2578.869
2595.021
2560.707
2604.807
2591.753
2601.066
2575.19
2583.411
2584.974
2581.458
2599.487
2611.217
2595.077
2575.618
2581.061
2569.121
2596.622
2601.043
2593.947
2579.488
2594.1
2606.983
2593.517
2560.034
2615.216
2616.105
2588.925
2585.332
2601.688
2603.06
2604.944
2549.477
2610.281
2603.642
2555.717
2573.6
2607.798
2585.311
2596.678
2586.705
2593.617
2570.037
2595.937
2585.542
2593.778
2575.37
2611.597
2601.2
2619.222
2588.739
2597.934
2600.716
2566.319
2570.682
2580.734
2595.281
2568.674
2589.998
2639.108
2601.754
2596.232
2602.671
2615.495
2574.025
2611.588
2611.673
2590.522
2567.91
2564.657
2571.117
2568.242
2567.039
2580.765
2573.491
2543.479
2567.939
2619.83
2596.29
2532.372
2564.795
2531.148
2563.489
2583.404
2597.738
2611.017
2619.938
2605.126
2595.596
2562.034
2573.254
2595.396
2599.47
2596.674
2598.44
2572.846
2553.521
2587.442
2575.509
2626.931
2601.254
2591.907
2572.573
2615.547
2597.281
2617.16
2600.462
2602.497
2578.619
2578.33
2610.251
2557.199
2552.863
2593.535
2574.899
2553.918
2603.727
2605.003
2595.993
2603.074
2569.532
2564.656
2588.598
2600.321
2552.377
2581.56
2562.609
2577.369
2603.388
2585.191
2557.737
2557.543
2570.681
2611.58
2589.103
2605.8
2583.342
2592.221
2614.773
2567.484
2594.571
2558.642
2590.701
2607.246
2568.966
2562.531
2579.005
2594.674
2591.585
2612.061
2604.566
2572.798
2595.527
2569.567
2576.448
2581.021
2583.748
2625.655
2601.006
2616.787
2594.254
2573.135
2559.783
2586.424
2622.15
2566.642
2575.807
2576.798
2557.862
2592.563
2595.131
2595.613
2592.442
2596.939
2551.298
2541.392
2575.76
2601.638
2587.327
2591.599
2586.593
2587.85
2621.169
2596.494
2585.808
2581.147
2620.979
2591.011
2600.042
2615.857
2589.94
2584.373
2594.651
2588.901
2593.227
2588.192
2618.897
2596.164
2554.514
2578.341
2566.107
2645.231
2525.724
2544.359
2602.068
2597.997
2584.569
2559.124
2605.461
2583.35
2552.066
2580.664
2581.566
2578.001
2583.938
2574.682
2558.355
2590.745
2577.624
2596.053
2579.595
2623.98
2574.474
2592.906
2590.218
2642.889
2612.157
2583.036
2588.229
2579.742
2606.881
2543.4
2591.35
2604.679
2568.405
2578.825
2558.787
2573.769
2594.818
2564.741
2588.761
2565.035
2563.914
2556.456
2590.195
2586.519
2546.605
2591.091
2623.156
2589.223
2592.434
2573.777
2568.731
2625.521
2608.265
2570.227
2584.253
2590.046
2547.418
2584.759
2566.18
2592.918
2616.05
2573.273
2608.99
2576.762
2597.94
2557.862
2560.656
2608.85
2591.99
2604.665
2584.495
2597.052
2599.229
2602.931
2601.163
2589.516
2604.832
2586.481
2591.94
2565.776
2583.001
2596.564
2592.399
2573.259
2554.267
2591.376
2563.222
2572.315
2620.804
2587.049
2554.599
2575.767
2592.75
2600.509
2566.382
2596.645
2608.802
2580.524
2626.329
2600.813
2591.237
2585.954
2568.179
2573.307
2595.32
2578.142
2573.202
2617.128
2617.092
2564.707
2613.044
2575.822
2588.763
2591.205
2605.466
2569.316
2562.21
2596.434
2594.358
2577.51
2570.351
2578.887
2559.63
2576.659
2583.441
2552.159
2608.626
2565.11
2592.905
2616.012
2565.999
2530.567
2598.335
2551.672
2592.562
2577.932
2621.036
2585.049
2581.223
2586.422
2586.143
2587.615
2603.462
2600.5
2595.832
2597.779
2577.056
2606.16
2535.847
2599.077
2576.003
2607.962
2583.323
2562.798
2585.712
2541.839
2556.233
2581.461
2582.248
2593.474
2547.716
2565.207
2588.223
2573.583
2597.568
2579.224
2582.019
2593.045
2589.194
2623.18
2593.599
2556.456
2555.854
2577.048
2567.444
2578.163
2584.049
2566.264
2601.458
2598.41
2574.204
2576.285
2600.69
2561.579
2614.095
2588.279
2579.749
2591.431
2597.153
2602.091
2579.645
2584.236
2576.089
2550.994
2590.315
2565.279
2559.686
2568.34
2567.645
2561.486
2565.641
2559.481
2571.097
2562.607
2574.372
2579.86
2594.099
2557.701
2598.268
2591.823
2595.938
2591.143
2601.262
2612.912
2554.159
2573.786
2586.552
2599.218
2577.836
2596.175
2595.464
2565.406
2577.021
2609.091
2584.976
2585.798
2582.489
2582.121
2570.713
2568.991
2558.385
2573.456
2593.882
2556.863
2573.724
2557.868
2571.728
2567.373
2574.038
2594.263
2584.952
2552.402
2553.053
2552.264
2573.647
2602.677
2606.109
2569.959
2570.374
2578.736
2582.833
2625.328
2553.537
2597.756
2573.772
2592.368
2614.083
2551.59
2564.167
2561.838
2571.211
2566.047
2601.576
2582.084
2581.951
2588.535
2563.109
2581.945
2559.579
2557.948
2567.413
2571.93
2607.285
2598.924
2602.468
2561.835
2599.862
2599.175
2584.521
2548.454
2592.319
2597.97
2593.504
2559.868
2552.153
2560.623
2590.973
2576.137
2618.125
2596.677
2558.996
2578.759
2585.884
2593.524
2508.895
2559.081
2582.333
2594.558
2551.113
2600.068
2555.286
2552.322
2586.053
2588.917
2603.108
2583.005
2594.361
2596.113
2591.609
2598.962
2599.826
2558.882
2565.05
2618.71
2613.809
2545.474
2598.404
2587.516
2586.699
2575.485
2586.576
2575.326
2559.663
2597.507
2580.343
2573.097
2604.154
2587.503
2577.903
2589.087
2562.72
2601.83
2608.805
2584.849
2570.17
2554.233
2548.216
2537.576
2592.239
2573.536
2607.355
2582.43
2580.964
2557.477
2604.759
2563.662
2573.875
2585.544
2587.545
2518.14
2585.963
2553.508
2588.286
2571.226
2562.635
2579.726
2595.824
2559.421
2560.393
2605.689
2562.145
2576.612
2548.558
2555.236
2566.859
2603.698
2572.38
2595.429
2569.016
2592.095
2562.122
2529.517
2585.524
2600.718
2554.797
2564.332
2587.457
2562.987
2551.114
2581.622
2609.059
2574.021
2579.29
2557.185
2572.945
2539.347
2605.081
2612.868
2572.565
2598.063
2569.577
2561.415
2521.629
2578.826
2570.078
2550.546
2595.983
2560.772
2592.776
2547.517
2571.959
2559.095
2568.958
2577.845
2577.83
2563.915
2568.451
2576.574
2579.388
2568.369
2587.856
2535.005
2564.459
2547.821
2559.152
2589.604
2578.123
2572.505
2575.776
2564.346
2556.273
2580.172
2599.478
2532.258
2549.245
2584.236
2576.956
2566.79
2553.034
2561.186
2583.556
2574.564
2572.611
2590.983
2590.225
2548.095
2593.024
2546.464
2572.669
2578.32
2593.422
2596.292
2566.719
2531.742
2598.697
2564.05
2572.886
2539.644
2581.978
2578.503
2634.107
2573.915
2558.341
2587.233
2535.309
2601.578
2605.636
2561.852
2571.375
2581.034
2562.715
2592.854
2603.487
2609.426
2558.904
2566.413
2549.752
2576.252
2568.262
2605.681
2585.734
2554.253
2560.967
2562.66
2597.509
2588.339
2554.656
2605.284
2576.937
2600.538
2594.906
2618.85
2598.082
2560.235
2564.5
2600.005
2559.343
2564.463
2610.944
2564.269
2588.731
2588.599
2574.426
2594.276
2598.013
2596.313
2569.764
2572.707
2603.082
2575.075
2592.961
2584.675
2596.408
2562.386
2570.466
2554.132
2583.425
2554.481
2580.862
2570.425
2560.734
2557.801
2563.909
2592.058
2613.96
2565.896
2578.141
2523.449
2593.938
2589.512
2582.691
2565.377
2561.036
2576.967
2554.192
2548.684
2545.484
2561.806
2577.918
2535.336
2591.651
2580.134
2574.144
2567.187
2557.187
2585.703
2580.846
2579.214
2561.656
2559.769
2564.115
2524.798
2559.68
2563.304
2582.618
2579.664
2538.624
2577.942
2579.797
2536.187
2564.474
2578.566
2544.391
2577.081
2563.031
2590.934
2558.718
2565.828
2576.086
2578.4
2556.681
2589.481
2582.353
2583.88
2581.637
2557.285
2570.579
2560.598
2583.753
2583.61
2580.097
2582.54
2562.046
2561.886
2586.794
2576.465
2564.088
2536.842
2581.71
2551.995
2537.394
2586.202
2570.372
2563.859
2586.677
2551.239
2539.504
2578.632
2566.476
2554.156
2558.368
2538.471
2558.452
2593.296
2573.001
2615.532
2560.633
2552.37
2553.508
2520.895
2544.452
2570.042
2566.021
2539.704
2595.02
2566.434
2606.55
2582.326
2599.936
2579.892
2597.066
2604.165
2571.676
2555.873
2579.995
2560.373
2580.673
2578.419
2581.256
2564.942
2551.937
2552.452
2570.291
2569.049
2555.612
2529.139
2557.749
2558.865
2582
2537.315
2552.263
2589.749
2575.707
2564.738
2549.518
2573.978
2549.978
2576.123
2559.951
2560.758
2576.543
2502.562
2558.95
2571.306
2538.015
2570.434
2587.626
2566.182
2584.953
2554.85
2564.927
2564.009
2566.118
2565.114
2589.674
2570.379
2592.29
2565.274
2571.592
2558.248
2555.589
2578.292
2580.069
2564.832
2610.463
2593.387
2562.531
2543.317
2561.787
2567.235
2585.092
2586.643
2552.095
2586.426
2540.517
2554.802
2537.971
2564.297
2588.151
2555.972
2588.023
2569.955
2564.033
2567.389
2577.454
2584.629
2572.871
2532.949
2550.355
2584.265
2577.065
2621.986
2579.658
2573.491
2572.866
2529.253
2579.268
2565.211
2565.403
2552.139
2528.058
2564.361
2565.427
2559.311
2565.675
2555.689
2561.757
2583.13
2575.084
2549.036
2571.882
2548.262
2547.589
2573.673
2572.283
2556.951
2574.196
2598.889
2564.387
2573.66
2585.792
2550.83
2537.142
2576.861
2614.973
2545.819
2587.965
2554.093
2576.519
2561.987
2568.75
2552.899
2605.35
2612.727
2557.848
2571.221
2568.953
2586.294
2528.988
2584.518
2567.394
2563.012
2563.607
2605.198
2519.275
2565.128
2545.503
2549.171
2577.171
2547.808
2536.966
2559.907
2543.048
2548.235
2562.521
2526.819
2550.468
2576.719
2572.918
2573.534
2611.866
2553.168
2566.837
2534.487
2610.849
2586.44
2577.556
2592.551
2566.217
2581.759
2574.379
2578.547
2580.9
2585.029
2587.361
2567.949
2554.835
2565.008
2545.179
2573.724
2558.576
2557.377
2561.569
2525.447
2536.238
2583.873
2580.391
2588.843
2548.476
2550.572
2592.398
2560.254
2576.585
2573.05
2558.559
2553.947
2564.888
2575.752
2540.104
2560.149
2530.442
2579.255
2553.97
2576.511
2499.124
2571.175
2573.917
2580.091
2580.822
2584.527
2551.17
2586.134
2564.145
2557.932
2548.113
2570.928
2546.647
2579.618
2568.737
2553.053
2544.819
2586.955
2565.318
2563.356
2565.442
2537.379
2522.422
2611.343
2549.954
2558.516
2542.082
2548.231
2591.812
2533.612
2589.469
2581.027
2508.313
2587.696
2532.086
2538.282
2592.583
2561.924
2598.714
2571.497
2576.791
2581.081
2564.545
2545.542
2533.639
2565.877
2536.683
2584.485
2534.94
2559.148
2533.71
2628.358
2536.547
2545.046
2555.016
2542.584
2584.526
2552.059
2561.646
2597.271
2529.775
2595.05
2571.143
2568.592
2558.815
2575.925
2555.64
2563.017
2575.997
2547.476
2554.689
2566.036
2552.347
2515.141
2581.879
2581.269
2572.771
2556.417
2564.475
2549.893
2566.354
2523.307
2535.006
2520.43
2584.972
2574.209
2556.885
2592.244
2553.813
2575.773
2572.763
2589.508
2530.214
2563.501
2573.805
2567.009
2543.632
2513.146
2546.895
2577.875
2558.465
2570.915
2590.853
2521.156
2585.573
2575.636
2563.566
2568.764
2561.649
2543.233
2579.938
2547.037
2563.219
2588.12
2514.834
2525.214
2593.308
2519.961
2540.009
2588.105
2550.056
2557.43
2555.334
2574.41
2559.21
2559.099
2520.462
2560.485
2572.44
2566.978
2564.88
2560.755
2549.621
2573.561
2564.091
2583.925
2570.559
2576.194
2560.062
2561.305
2545.955
2569.521
2561.921
2549.379
2544.606
2558.753
2526.235
2556.515
2536.062
2542.45
2548.188
2584.245
2561.501
2544.459
2544.466
2544.696
2567.766
2546.106
2596.954
2571.998
2546.004
2540.27
2577.585
2558.566
2564.058
2602.56
2603.534
2576.914
2562.836
2592.308
2581.848
2553.433
2593.459
2550.274
2557.214
2569.552
2553.561
2528.672
2556.384
2532.258
2557.82
2547.815
2557.228
2537.151
2560.292
2548.71
2562.813
2553.051
2570.038
2519.613
2546.49
2544.811
2551.575
2554.64
2565.17
2556.548
2534.296
2550.271
2550.634
2548.319
2573.658
2527.884
2540.774
2577.539
2574.028
2570.657
2547.452
2529.77
2545.396
2561.91
2558.375
2541.936
2572.88
2563.129
2568.532
2569.993
2560.186
2542.192
2559.418
2559.753
2553.143
2557.841
2583.265
2551.991
2560.806
2517.196
2547.837
2583.725
2527.731
2589.939
2553.386
2546.476
2519.885
2533.671
2575.057
2558.529
2551.734
2543.983
2539.581
2574.936
2540.805
2556.529
2522.801
2547.409
2547.207
2533.371
2550.57
2595.468
2535.905
2533.672
2566.108
2566.096
2533.391
2535.487
2557.315
2552.608
2548.625
2581.234
2554.304
2564.389
2590.055
2565.332
2510.085
2546.584
2550.329
2531.078
2545.913
2558.749
2541.407
2556.181
2525.992
2598.893
2559.377
2578.545
2534.733
2554.913
2582.149
2541.546
2572.772
2562.765
2552.776
2544.439
2563.299
2572.361
2580.699
2550.984
2580.54
2571.297
2564.877
2563.915
2538.664
2550.628
2546.883
2541.437
2543.075
2567.48
2531.626
2548.861
2544.087
2527.841
2549.964
2535.242
2525.977
2554.027
2537.815
2572.535
2527.892
2561.612
2553.225
2570.3
2534.853
2527.369
2580.416
2527.638
2550.937
2548.532
2538.153
2527.688
2524.425
2578.179
2544.352
2535.079
2563.534
2546.446
2517.701
2555.435
2588.028
2563.619
2544.251
2545.659
2558.584
2542.409
2549.481
2554.771
2574.508
2554.006
2534.735
2539.809
2566.753
2555.238
2590.211
2554.175
2569.934
2543.525
2519.531
2559.294
2583.679
2538.137
2526.348
2546.702
2537.222
2551.573
2531.238
2611.982
2541.355
2547.523
2589.289
2527.974
2549.594
2541.062
2527.122
2567.303
2576.6
2566.003
2576.606
2520.582
2558.946
2552.574
2528.517
2549.6
2544.891
2581.21
2572.155
2602.835
2525.639
2555.63
2561.767
2516.077
2591.075
2563.67
2560.603
2508.538
2547.472
2544.014
2561.89
2520.775
2542.501
2541.019
2564.138
2572.241
2560.906
2528.456
2564.176
2542.356
2529.852
2563.594
2540.287
2550.844
2542.268
2561.278
2544.422
2577.366
2529.142
2536.38
2567.651
2528.423
2557.884
2522.577
2541.591
2529.926
2520.319
2559.826
2523.986
2559.845
2547.023
2555.531
2525.809
2538.074
2525.022
2553.319
2536.98
2537.442
2587.354
2564.333
2544.235
2517.244
2565.588
2521.896
2578.174
2551.232
2545.908
2534.418
2592.736
2533.542
2555.014
2495.683
2565.704
2522.569
2559.403
2542.968
2561.079
2554.259
2523.758
2537.787
2574.491
2535.841
2551.895
2524.056
2553.788
2550.515
2565.85
2595.97
2536.605
2550.536
2572.749
2540.574
2520.965
2510.242
2567.111
2574.593
2558.824
2575.427
2543.02
2541.359
2555.178
2568.512
2524.588
2552.94
2572.466
2547.923
2535.253
2542.509
2501.45
2534.981
2530.49
2583.213
2530.928
2518.642
2547.486
2536.886
2541.819
2559.022
2552.583
2519.185
2504.918
2522.571
2517.424
2547.223
2539.378
2529.985
2565.696
2551.414
2551.444
2575.352
2565.188
2568.501
2544.836
2571.602
2522.274
2524.154
2552.456
2537.252
2561.878
2555.528
2529.388
2532.601
2543.581
2502.982
2568.213
2570.471
2565.206
2546.054
2544.673
2535.675
2515.77
2540.131
2561.636
2545.629
2544.129
2512.788
2541.037
2539.702
2510.416
2558.298
2554.156
2572.114
2554.376
2529.465
2493.831
2553.28
2546.238
2514.905
2568.23
2540.518
2564.742
2545.419
2506.779
2581.388
2540.794
2508.633
2553.689
2551.56
2570.444
2513.964
2564.483
2539.504
2545.305
2580.747
2566.533
2529.68
2526.029
2522.747
2530.664
2542.395
2558.376
2555.535
2547.216
2545.745
2568.074
2567.061
2507.669
2561.04
2529.157
2528.654
2519.809
2548.065
2512.897
2531.228
2526.466
2546.833
2554.057
2531.765
2568.301
2566.31
2553.131
2527.153
2531.96
2543.32
2500.002
2546.355
2542.804
2550.736
2523.605
2562.623
2522.605
2531.138
2529.504
2563.918
2575.355
2546.559
2526.213
2551.903
2541.006
2532.693
2511.35
2563.773
2529.17
2552.819
2509.043
2548.549
2564.253
2548.459
2551.588
2571.955
2552.52
2570.683
2532.377
2536.537
2569.069
2524.628
2509.437
2536.935
2534.815
2543.933
2537.339
2558.76
2559.807
2556.079
2528.651
2511.804
2543.661
2563.041
2530.069
2562.059
2547.819
2555.886
2571.14
2477.199
2543.839
2545.419
2545.909
2497.564
2563.283
2535.632
2541.184
2561.363
2551.202
2529.341
2541.373
2567.17
2529.451
2556.67
2563.624
2533.24
2529.837
2573.424
2495.825
2555.724
2568.998
2530.363
2529.496
2512.13
2544.418
2524.922
2519.319
2522.518
2539.495
2565.506
2564.162
2533
2493.758
2510.816
2531.134
2497.068
2505.179
2557.691
2547.111
2518.122
2520.022
2550.337
2540.358
2570.99
2547.579
2543.218
2532.894
2524.973
2535.17
2534.046
2537.207
2572.71
2549.157
2499.862
2505.156
2552.369
2537.946
2589.546
2544.318
2537.243
2548.6
2564.195
2522.953
2551.426
2547.706
2563.488
2508.729
2538.052
2537.35
2526.533
2560.775
2559.887
2538.808
2522.919
2503.227
2539.768
2553.072
2529.508
2505.294
2537.126
2524.319
2552.896
2541.083
2542.912
2526.021
2510.641
2520.003
2558.02
2532.66
2548.23
2553.528
2523.82
2512.704
2528.563
2562.508
2569.111
2519.119
2530.899
2532.232
2537.975
2553.221
2566.311
2524.968
2551.248
2552.09
2546.954
2522.206
2528.041
2537.779
2570.672
2531.708
2513.633
2546.579
2491.73
2528.767
2553.579
2514.213
2555.727
2528.695
2568.953
2525.142
2529.259
2569.274
2547.676
2553.156
2551.709
2541.255
2523.692
2551.233
2538.26
2568.749
2548.146
2548.139
2541.229
2526.695
2550.091
2556.004
2566.84
2534.449
2517.948
2528.631
2507.711
2567.866
2541.045
2548.08
2536.844
2563.484
2520.399
2553.257
2535.34
2534.079
2551.2
2540.095
2547.99
2559.924
2558.926
2538.556
2536.425
2569.115
2604.068
2511.018
2562.378
2528.744
2518.579
2548.742
2549.509
2500.397
2526.543
2592.96
2545.999
2523.888
2495.183
2541.871
2529.782
2507.824
2507.05
2512.148
2528.261
2510.747
2541.47
2571.822
2509.448
2550.775
2533.243
2503.053
2505.169
2531.793
2534.585
2550.017
2527.641
2528.739
2549.23
2539.79
2506.001
2548.319
2546.116
2536.788
2537.383
2536.661
2526.864
2525.714
2553.801
2513.609
2571.723
2532.284
2513.892
2543.825
2514.861
2565.316
2539.786
2494.671
2538.839
2541.608
2546.199
2524.32
2528.121
2539.332
2531.926
2533.355
2527.9
2503.118
2524.37
2522.92
2578.846
2557.646
2520.686
2516.99
2497.292
2510.276
2533.514
2504.431
2526.255
2554.806
2519.829
2529.525
2556.591
2524.257
2552.086
2547.113
2531.392
2552.996
2509.225
2499.766
2511.875
2517.232
2546.81
2521.243
2513.988
2541.761
2523.991
2553.571
2519.734
2529.238
2533.4
2534.157
2506.881
2517.765
2539.501
2505.191
2544.019
2497.194
2523.999
2572.852
2536.461
2494.793
2510.86
2513.415
2501.318
2523.182
2548.217
2511.878
2532.006
2525.599
2521.599
2508.216
2555.997
2503.849
2515.337
2518.225
2536.636
2496.84
2541.121
2560.433
2496.951
2509.761
2520.972
2540.114
2531.225
2558.969
2533.436
2530.398
2541.871
2516.598
2545.325
2514.306
2531.316
2504.28
2497.465
2509.204
2571.6
2520.152
2512.75
2556.642
2536.275
2526.918
2527.211
2549.513
2530.005
2530.912
2556.69
2541.126
2559.311
2509.223
2495.196
2520.284
2539.014
2540.845
2548.366
2517.053
2552.641
2579.081
2520.839
2498.336
2512.63
2545.365
2538.891
2537.117
2540.22
2522.258
2521.795
2518.228
2535.751
2541.151
2519.351
2543.153
2519.102
2560.606
2514.646
2545.948
2518.013
2526.326
2516.759
2522.132
2527.305
2504.185
2489.876
2523.642
2478.689
2520.688
2520.638
2502.964
2525.167
2535.692
2522.876
2533.41
2509.016
2512.683
2500.566
2530.221
2537.43
2531.111
2537.434
2537.615
2519.647
2543.751
2540.508
2481.731
2516.789
2517.409
2505.435
2523.637
2496.666
2510.24
2541.554
2510.182
2526.615
2529.148
2510.104
2514.955
2517.288
2505.917
2515.579
2549.79
2542.316
2520.457
2509.458
2527.469
2528.615
2501.961
2502.549
2536.499
2507.384
2541.611
2538.576
2561.311
2507.022
2529.599
2502.199
2525.748
2546.067
2494.823
2514.9
2524.129
2506.914
2552.135
2514.774
2513.707
2482.827
2501.892
2540.276
2565.727
2537.534
2509.576
2510.53
2543.856
2499.828
2520.871
2519.095
2556.974
2528.715
2550.905
2533.15
2523.295
2527.133
2519.462
2540.984
2516.898
2543.914
2550.601
2527.399
2538.474
2545.886
2507.675
2542.81
2551.996
2530.862
2508.072
2542.362
2547.604
2522.537
2515.591
2542.126
2536.118
2517.644
2500.263
2502.439
2518.603
2533.236
2565.183
2532.227
2533.594
2531.666
2524.237
2508.358
2489.801
2523.533
2528.29
2542.951
2466.435
2494.628
2461.512
2529.025
2525.222
2509.905
2510.484
2537.601
2531.325
2517.864
2504.654
2546.228
2505.954
2520.323
2539.444
2511.624
2507.448
2504.645
2512.346
2520.301
2533.583
2540.136
2537.032
2515.275
2549.097
2508.804
2519.739
2530.283
2516.836
2512.33
2534.455
2493.956
2555.811
2484.962
2544.996
2523.457
2510.682
2523.48
2526.076
2529.089
2537.234
2506.326
2496.382
2504.845
2538.222
2486.214
2506.426
2507.659
2535.485
2519.833
2528.209
2499.276
2495.771
2498.519
2510.178
2533.567
2509.412
2489.329
2518.023
2509.988
2528.519
2481.312
2503.291
2529.011
2513.277
2534.141
2480.76
2519.022
2508.691
2480.511
2514.081
2524.48
2512.311
2527.702
2545.32
2505.85
2515.96
2507.004
2523.845
2541.94
2498.187
2534.708
2507.901
2527.597
2550.872
2546.739
2513.714
2516.563
2508.925
2544.456
2541.106
2490.612
2515.779
2556.895
2514.995
2513.705
2565.859
2518.01
2540.846
2550.009
2559.996
2500.772
2522.954
2509.373
2509.806
2507.76
2485.338
2530.994
2509.208
2513.065
2516.862
2508.501
2520.341
2512.838
2494.565
2524.502
2511.113
2548.339
2508.148
2497.391
2523.083
2512.407
2506.537
2516.409
2517.128
2531.895
2541.319
2485.418
2529.547
2498.875
2513.439
2535.57
2512.409
2521.98
2545.033
2528.625
2510.619
2522.879
2531.043
2493.691
2541.727
2536.766
2494.121
2503.557
2490.56
2516.646
2526.82
2510.019
2504.016
2469.05
2519.601
2512.258
2514.172
2527.67
2506.667
2498.745
2478.412
2519.67
2523.572
2531.543
2507.485
2492.112
2528.159
2488.46
2505.38
2532.848
2502.01
2506.376
2517.012
2477.923
2481.937
2511.747
2523.538
2531.25
2526.177
2484.428
2513.229
2484.187
2523.986
2535.76
2477.31
2571.44
2514.782
2527.138
2527.247
2481.704
2507.505
2495.152
2513.288
2534.152
2490.676
2502.506
2497.671
2511.823
2539.459
2497.804
2519.141
2493.524
2525.693
2507.45
2525.016
2476.037
2510.314
2495.944
2532.128
2538.913
2536.543
2501.897
2551.976
2510.459
2524.659
2542.785
2537.053
2529.416
2506.287
2531.845
2516.559
2518.556
2520.013
2500.565
2533.726
2523.476
2533.844
2509.628
2501.401
2487.313
2517.383
2501.614
2509.608
2486.942
2508.183
2504.358
2516.961
2498.495
2523.454
2508.584
2499.004
2502.223
2523.647
2508.358
2497.011
2506.804
2525.112
2505.945
2529.917
2511.25
2530.123
2536.327
2501.753
2515.325
2507.819
2543.26
2508.394
2529.195
2501.873
2528.35
2532.602
2514.35
2529.922
2516.569
2503.544
2515.86
2508.964
2482.835
2529.223
2522.595
2556.612
2514.294
2479.986
2512
2486.02
2503.502
2535.316
2552.156
2489.509
2449.872
2508.155
2527.133
2527.945
2510.671
2525.909
2518.249
2490.247
2500.237
2510.358
2534.849
2528.247
2531.31
2506.351
2510.839
2514.908
2537.453
2476.615
2514.809
2511.429
2510.165
2481.568
2481.828
2510.711
2543.545
2514.738
2486.275
2492.725
2528.178
2512.09
2526.416
2477.632
2501.94
2516.167
2484.664
2498.118
2528.163
2494.582
2537.155
2511.441
2510.055
2490.655
2522.213
2503.838
2506.983
2482.232
2558.934
2472.695
2508.597
2493.428
2478.308
2506.392
2540.591
2514.026
2507.549
2518.23
2478.308
2524.331
2507.522
2513.094
2501.466
2505.684
2503.545
2481.704
2493.519
2495.286
2507.605
2516.3
2521.65
2512.183
2503.873
2472.37
2486.243
2511.173
2472.999
2516.899
2508.125
2488.827
2482.074
2523.352
2511.064
2514.908
2485.19
2514.104
2509.67
2516.719
2499.271
2540.953
2506.438
2524.375
2499.567
2547.952
2510.387
2517.966
2477.201
2523.444
2499.318
2514.132
2503.605
2497.735
2512.117
2497.251
2523.581
2507.177
2524.595
2512.981
2494.415
2493.766
2464.393
2509.94
2485.077
2511.009
2508.973
2501.713
2474.21
2530.542
2503.222
2500.619
2542.447
2517.746
2503.234
2540.03
2484.119
2511.644
2478.55
2497.983
2523.219
2500.547
2508.899
2483.594
2527.13
2490.949
2508.957
2540.046
2530.132
2502.733
2463.705
2501.073
2515.418
2508.706
2529.54
2470.857
2478.788
2485.07
2510.235
2490.465
2504.455
2514.637
2467.794
2535.834
2524.131
2479.988
2519.731
2468.164
2500.199
2510.864
2490.154
2495.789
2518.268
2531.21
2480.271
2505.417
2490.188
2541.398
2521.252
2457.35
2509.027
2486.271
2501.212
2471.004
2487.793
2476.43
2521.237
2499.655
2518.085
2527.414
2520.673
2502.788
2492.211
2464.289
2511.436
2484.124
2490.161
2508.071
2511.159
2528.493
2504.133
2485.664
2509.928
2451.031
2490.429
2485.077
2506.443
2444.746
2494.442
2477.003
2511.447
2484.836
2522.878
2512
2508.311
2478.418
2538.403
2504.794
2496.456
2554.383
2472.398
2490.902
2490.777
2517.494
2501.927
2482.035
2482.218
2486.656
2479.626
2503.884
2503.975
2501.83
2488.022
2482.628
2527.321
2472.468
2508.408
2502.428
2541.859
2501.179
2485.41
2491.704
2545.152
2508.059
2499.752
2531.257
2503.671
2490.569
2491.597
2494.056
2460.039
2455.285
2488.292
2475.902
2504.349
2476.933
2512.696
2486.232
2517.829
2474.064
2508.449
2524.758
2503.052
2486.706
2514.857
2506.901
2500.172
2496.087
2498.561
2504.56
2519.769
2515.442
2483.963
2510.855
2505.004
2481.879
2495.256
2505.832
2497.463
2490.53
2506.639
2471.222
2468.687
2519.757
2514.763
2506.669
2545.76
2470.197
2486.674
2499.08
2475.41
2487.443
2471.048
2435.162
2488.401
2467.929
2499.638
2547.19
2543.386
2524.28
2521.158
2504.917
2537.89
2481.086
2489.962
2523.555
2489.181
2500.717
2474.33
2503.831
2497.344
2494.565
2519.368
2469.302
2526.193
2484.461
2502.435
2491.245
2492.002
2486.561
2481.748
2492.413
2483.305
2519.926
2495.963
2480.639
2480.255
2476.384
2500.421
2499.483
2516.375
2491.574
2523.416
2470.668
2516.599
2483.614
2490.163
2497.441
2490.533
2473.962
2480.24
2494.321
2529.646
2484.684
2485.984
2461.132
2504.229
2490.37
2486.151
2497.641
2484.613
2541.219
2463.755
2508.419
2517.947
2510.905
2507.592
2495.417
2494.337
2505.255
2539.809
2531.706
2528.5
2472.434
2497.226
2481.065
2525.293
2480.395
2477.398
2504.938
2498.263
2502.232
2485.069
2533.331
2496.169
2484.643
2463.935
2482.303
2507.553
2512.002
2465.374
2487.27
2521.452
2468.069
2441.007
2517.548
2469.751
2493.14
2497.656
2486.977
2507.127
2516.512
2524.269
2496.496
2498.713
2490.568
2527.609
2479.185
2476.002
2494.395
2456.859
2514.299
2479.769
2487.363
2475.593
2510.52
2468.527
2480.205
2490.014
2502.826
2489.409
2482.592
2497.017
2489.861
2497.313
2513.473
2499.108
2495.502
2511.67
2468.309
2475.9
2486.205
2464.548
2486.567
2538.342
2501.504
2517.899
2489.499
2482.728
2497.97
2496.365
2491.052
2464.389
2473.989
2538.769
2496.846
2459.209
2478.161
2510.911
2528.375
2491.894
2513.114
2476.291
2467.672
2484.822
2492.45
2449.397
2500.06
2476.164
2517.959
2479.609
2523.814
2489.613
2504.708
2490.931
2521.874
2500.277
2508.732
2473.906
2482.608
2514.894
2469.147
2498.464
2468.057
2534.192
2463.132
2547.167
2480.518
2462.89
2489.842
2471.16
2480.304
2454.805
2526.755
2499.305
2484.554
2478.674
2506.958
2490.163
2496.096
2467.03
2469.534
2484.319
2487.303
2515.479
2488.637
2500.062
2510.038
2502.272
2489.673
2512.787
2497.215
2503.162
2506.707
2526.195
2498.761
2488.925
2471.919
2477.731
2503.167
2486.104
2467.455
2481.359
2512.986
2481.313
2497.42
2469.803
2488.946
2507.451
2473.274
2506.879
2439.017
2528.148
2506.07
2504.48
2460.658
2528.748
2476.145
2459.642
2452.255
2502.226
2506.536
2485.04
2500.991
2484.227
2492.209
2467.293
2507.353
2497.09
2503
2490.352
2473.273
2496.099
2498.631
2490.848
2502.371
2457.522
2513.343
2484.943
2494.692
2482.279
2495.159
2445.802
2487.937
2506.685
2503.893
2471.613
2492.944
2495.058
2494.693
2492.76
2494.365
2477.78
2485.075
2486.094
2499.519
2465.984
2506.071
2520.106
2523.321
2508.824
2501.426
2483.049
2489.782
2489.707
2522.648
2494.982
2510.643
2493.782
2467.836
2480.298
2492.119
2491.433
2524.425
2481.651
2475.184
2487.021
2464.31
2505.092
2496.297
2469.675
2465.514
2516.456
2490.584
2496.91
2496.325
2483.769
2501.685
2486.635
2495.555
2479.456
2479.532
2483.84
2452.542
2511.741
2491.284
2480.03
2508.489
2487.856
2477.231
2475.535
2495.986
2461.729
2443.778
2449.386
2499.007
2551.012
2491.609
2466.233
2490.309
2499.54
2485.178
2498.915
2495.072
2494.925
2479.773
2521.019
2463.814
2460.085
2503.667
2493.862
2497.355
2513.389
2474.813
2473.006
2475.484
2492.509
2458.672
2490.15
2500.091
2462.99
2484.816
2457.314
2469.954
2463.642
2455.563
2454.33
2460.046
2489.987
2504.796
2507.077
2457.035
2445.885
2439.899
2501.411
2464.847
2504.189
2495.482
2464.485
2498.443
2467.669
2487.176
2499.819
2477.357
2483.58
2514.524
2513.495
2457.394
2473.961
2490.255
2502.555
2501.025
2481.983
2468.998
2489.976
2489.899
2493.178
2481.867
2493.526
2471.967
2505.468
2432.35
2481.697
2489.827
2464.964
2443.872
2466.787
2501.07
2497.042
2512.109
2462.457
2483.73
2501.636
2505.497
2469.327
2499.874
2498.154
2482.355
2469.83
2478.933
2491.812
2486.552
2484.162
2483.212
2510.112
2475.431
2464.638
2453.954
2475.763
2512.021
2478.606
2488.069
2472.529
2475.691
2437.108
2465.768
2518.711
2495.391
2500.235
2480.196
2471.401
2491.349
2452.118
2486.142
2476.839
2470.547
2491.714
2466.547
2454.99
2493.302
2515.522
2451.313
2500.918
2472.701
2489.74
2506.276
2495.68
2483.328
2453.509
2449.845
2508.483
2512.432
2452.4
2469.374
2475.235
2495.148
2451.951
2509.241
2472.694
2478.421
2491.456
2472.702
2467.765
2485.332
2525.833
2463.517
2481.243
2450.861
2495.188
2441.407
2494.489
2488.543
2464.749
2506.448
2431.086
2485.328
2481.919
2503.488
2497.533
2449.514
2456.245
2455.658
2486.675
2491.88
2492.229